{
  "nbformat": 4,
  "nbformat_minor": 0,
  "metadata": {
    "colab": {
      "provenance": [],
      "authorship_tag": "ABX9TyP6BWKURx8NEuuSSUAffxNG",
      "include_colab_link": true
    },
    "kernelspec": {
      "name": "python3",
      "display_name": "Python 3"
    },
    "language_info": {
      "name": "python"
    }
  },
  "cells": [
    {
      "cell_type": "markdown",
      "metadata": {
        "id": "view-in-github",
        "colab_type": "text"
      },
      "source": [
        "<a href=\"https://colab.research.google.com/github/TsarIM/AEO-portfolio/blob/main/SIAEO.ipynb\" target=\"_parent\"><img src=\"https://colab.research.google.com/assets/colab-badge.svg\" alt=\"Open In Colab\"/></a>"
      ]
    },
    {
      "cell_type": "code",
      "execution_count": 3,
      "metadata": {
        "id": "bNyVQ6kviixj"
      },
      "outputs": [],
      "source": [
        "import numpy as np\n",
        "import pandas as pd\n",
        "import matplotlib.pyplot as plt\n",
        "from scipy.io import loadmat"
      ]
    },
    {
      "cell_type": "code",
      "source": [
        "from google.colab import files\n",
        "upload= files.upload()"
      ],
      "metadata": {
        "colab": {
          "base_uri": "https://localhost:8080/",
          "height": 74
        },
        "id": "4ASEfPtgix2P",
        "outputId": "6f5b5b78-142f-4b56-95f0-e0f4c25f21fb"
      },
      "execution_count": 4,
      "outputs": [
        {
          "output_type": "display_data",
          "data": {
            "text/plain": [
              "<IPython.core.display.HTML object>"
            ],
            "text/html": [
              "\n",
              "     <input type=\"file\" id=\"files-2713056d-d51e-4ed6-99c3-b50d1bef7f42\" name=\"files[]\" multiple disabled\n",
              "        style=\"border:none\" />\n",
              "     <output id=\"result-2713056d-d51e-4ed6-99c3-b50d1bef7f42\">\n",
              "      Upload widget is only available when the cell has been executed in the\n",
              "      current browser session. Please rerun this cell to enable.\n",
              "      </output>\n",
              "      <script>// Copyright 2017 Google LLC\n",
              "//\n",
              "// Licensed under the Apache License, Version 2.0 (the \"License\");\n",
              "// you may not use this file except in compliance with the License.\n",
              "// You may obtain a copy of the License at\n",
              "//\n",
              "//      http://www.apache.org/licenses/LICENSE-2.0\n",
              "//\n",
              "// Unless required by applicable law or agreed to in writing, software\n",
              "// distributed under the License is distributed on an \"AS IS\" BASIS,\n",
              "// WITHOUT WARRANTIES OR CONDITIONS OF ANY KIND, either express or implied.\n",
              "// See the License for the specific language governing permissions and\n",
              "// limitations under the License.\n",
              "\n",
              "/**\n",
              " * @fileoverview Helpers for google.colab Python module.\n",
              " */\n",
              "(function(scope) {\n",
              "function span(text, styleAttributes = {}) {\n",
              "  const element = document.createElement('span');\n",
              "  element.textContent = text;\n",
              "  for (const key of Object.keys(styleAttributes)) {\n",
              "    element.style[key] = styleAttributes[key];\n",
              "  }\n",
              "  return element;\n",
              "}\n",
              "\n",
              "// Max number of bytes which will be uploaded at a time.\n",
              "const MAX_PAYLOAD_SIZE = 100 * 1024;\n",
              "\n",
              "function _uploadFiles(inputId, outputId) {\n",
              "  const steps = uploadFilesStep(inputId, outputId);\n",
              "  const outputElement = document.getElementById(outputId);\n",
              "  // Cache steps on the outputElement to make it available for the next call\n",
              "  // to uploadFilesContinue from Python.\n",
              "  outputElement.steps = steps;\n",
              "\n",
              "  return _uploadFilesContinue(outputId);\n",
              "}\n",
              "\n",
              "// This is roughly an async generator (not supported in the browser yet),\n",
              "// where there are multiple asynchronous steps and the Python side is going\n",
              "// to poll for completion of each step.\n",
              "// This uses a Promise to block the python side on completion of each step,\n",
              "// then passes the result of the previous step as the input to the next step.\n",
              "function _uploadFilesContinue(outputId) {\n",
              "  const outputElement = document.getElementById(outputId);\n",
              "  const steps = outputElement.steps;\n",
              "\n",
              "  const next = steps.next(outputElement.lastPromiseValue);\n",
              "  return Promise.resolve(next.value.promise).then((value) => {\n",
              "    // Cache the last promise value to make it available to the next\n",
              "    // step of the generator.\n",
              "    outputElement.lastPromiseValue = value;\n",
              "    return next.value.response;\n",
              "  });\n",
              "}\n",
              "\n",
              "/**\n",
              " * Generator function which is called between each async step of the upload\n",
              " * process.\n",
              " * @param {string} inputId Element ID of the input file picker element.\n",
              " * @param {string} outputId Element ID of the output display.\n",
              " * @return {!Iterable<!Object>} Iterable of next steps.\n",
              " */\n",
              "function* uploadFilesStep(inputId, outputId) {\n",
              "  const inputElement = document.getElementById(inputId);\n",
              "  inputElement.disabled = false;\n",
              "\n",
              "  const outputElement = document.getElementById(outputId);\n",
              "  outputElement.innerHTML = '';\n",
              "\n",
              "  const pickedPromise = new Promise((resolve) => {\n",
              "    inputElement.addEventListener('change', (e) => {\n",
              "      resolve(e.target.files);\n",
              "    });\n",
              "  });\n",
              "\n",
              "  const cancel = document.createElement('button');\n",
              "  inputElement.parentElement.appendChild(cancel);\n",
              "  cancel.textContent = 'Cancel upload';\n",
              "  const cancelPromise = new Promise((resolve) => {\n",
              "    cancel.onclick = () => {\n",
              "      resolve(null);\n",
              "    };\n",
              "  });\n",
              "\n",
              "  // Wait for the user to pick the files.\n",
              "  const files = yield {\n",
              "    promise: Promise.race([pickedPromise, cancelPromise]),\n",
              "    response: {\n",
              "      action: 'starting',\n",
              "    }\n",
              "  };\n",
              "\n",
              "  cancel.remove();\n",
              "\n",
              "  // Disable the input element since further picks are not allowed.\n",
              "  inputElement.disabled = true;\n",
              "\n",
              "  if (!files) {\n",
              "    return {\n",
              "      response: {\n",
              "        action: 'complete',\n",
              "      }\n",
              "    };\n",
              "  }\n",
              "\n",
              "  for (const file of files) {\n",
              "    const li = document.createElement('li');\n",
              "    li.append(span(file.name, {fontWeight: 'bold'}));\n",
              "    li.append(span(\n",
              "        `(${file.type || 'n/a'}) - ${file.size} bytes, ` +\n",
              "        `last modified: ${\n",
              "            file.lastModifiedDate ? file.lastModifiedDate.toLocaleDateString() :\n",
              "                                    'n/a'} - `));\n",
              "    const percent = span('0% done');\n",
              "    li.appendChild(percent);\n",
              "\n",
              "    outputElement.appendChild(li);\n",
              "\n",
              "    const fileDataPromise = new Promise((resolve) => {\n",
              "      const reader = new FileReader();\n",
              "      reader.onload = (e) => {\n",
              "        resolve(e.target.result);\n",
              "      };\n",
              "      reader.readAsArrayBuffer(file);\n",
              "    });\n",
              "    // Wait for the data to be ready.\n",
              "    let fileData = yield {\n",
              "      promise: fileDataPromise,\n",
              "      response: {\n",
              "        action: 'continue',\n",
              "      }\n",
              "    };\n",
              "\n",
              "    // Use a chunked sending to avoid message size limits. See b/62115660.\n",
              "    let position = 0;\n",
              "    do {\n",
              "      const length = Math.min(fileData.byteLength - position, MAX_PAYLOAD_SIZE);\n",
              "      const chunk = new Uint8Array(fileData, position, length);\n",
              "      position += length;\n",
              "\n",
              "      const base64 = btoa(String.fromCharCode.apply(null, chunk));\n",
              "      yield {\n",
              "        response: {\n",
              "          action: 'append',\n",
              "          file: file.name,\n",
              "          data: base64,\n",
              "        },\n",
              "      };\n",
              "\n",
              "      let percentDone = fileData.byteLength === 0 ?\n",
              "          100 :\n",
              "          Math.round((position / fileData.byteLength) * 100);\n",
              "      percent.textContent = `${percentDone}% done`;\n",
              "\n",
              "    } while (position < fileData.byteLength);\n",
              "  }\n",
              "\n",
              "  // All done.\n",
              "  yield {\n",
              "    response: {\n",
              "      action: 'complete',\n",
              "    }\n",
              "  };\n",
              "}\n",
              "\n",
              "scope.google = scope.google || {};\n",
              "scope.google.colab = scope.google.colab || {};\n",
              "scope.google.colab._files = {\n",
              "  _uploadFiles,\n",
              "  _uploadFilesContinue,\n",
              "};\n",
              "})(self);\n",
              "</script> "
            ]
          },
          "metadata": {}
        },
        {
          "output_type": "stream",
          "name": "stdout",
          "text": [
            "Saving BSE30.mat to BSE30.mat\n"
          ]
        }
      ]
    },
    {
      "cell_type": "code",
      "source": [
        "data=loadmat('BSE30.mat')"
      ],
      "metadata": {
        "id": "mGlg-V6gmu3r"
      },
      "execution_count": 5,
      "outputs": []
    },
    {
      "cell_type": "code",
      "source": [
        "print(data.keys())"
      ],
      "metadata": {
        "colab": {
          "base_uri": "https://localhost:8080/"
        },
        "id": "ZmYGmsjVnCDu",
        "outputId": "566fc7f1-eb2e-4a09-ab4c-872a41ca833b"
      },
      "execution_count": 6,
      "outputs": [
        {
          "output_type": "stream",
          "name": "stdout",
          "text": [
            "dict_keys(['__header__', '__version__', '__globals__', 'ExpReturn', 'ExpCovariance'])\n"
          ]
        }
      ]
    },
    {
      "cell_type": "code",
      "source": [
        "expR=data['ExpReturn']\n",
        "expCov=data['ExpCovariance']\n",
        "print(expR)\n",
        "print(expCov)"
      ],
      "metadata": {
        "colab": {
          "base_uri": "https://localhost:8080/"
        },
        "id": "U3dVIrqXnERM",
        "outputId": "52a0c234-2a1b-4195-acfb-ea55d35314f1"
      },
      "execution_count": 7,
      "outputs": [
        {
          "output_type": "stream",
          "name": "stdout",
          "text": [
            "[[ 0.01257824  0.00121397 -0.00178557  0.02280785  0.01922405  0.00717547\n",
            "  -0.00737469 -0.00202492  0.01927695  0.00624848  0.00530323 -0.00679677\n",
            "  -0.00814593 -0.00353444  0.00919239 -0.00507749 -0.01698293  0.00383592\n",
            "  -0.00784615  0.01824185  0.00623302  0.00077244  0.00521231  0.01463701\n",
            "  -0.00315483  0.00234413 -0.0047359   0.00322086  0.01830803  0.00462475]]\n",
            "[[ 7.64447227e-03  3.31742939e-03  1.36492757e-03  3.94070293e-03\n",
            "   3.15873822e-03  7.40615039e-04 -5.27508965e-04  1.61562766e-03\n",
            "   8.02947703e-04  2.15076424e-03  2.73915805e-03  9.12364505e-04\n",
            "   4.07837960e-03  9.47857427e-04  1.86927062e-03  3.73900996e-03\n",
            "   2.14461915e-03  3.01772947e-03  5.10870774e-04  8.50017421e-04\n",
            "   2.81465856e-03  1.34855312e-03  2.02054404e-03  2.69380627e-03\n",
            "   2.19270932e-03 -6.29625971e-04  1.39136136e-03  2.99155887e-05\n",
            "   1.25622544e-03  2.18833441e-03]\n",
            " [ 3.31742939e-03  2.23086928e-02  4.11849701e-03  5.82446272e-03\n",
            "   3.94052925e-03  1.25234616e-03  9.50168712e-04  8.15476470e-03\n",
            "  -3.31986350e-03  6.68624174e-03  1.36782247e-02  4.26933797e-03\n",
            "   7.94714461e-03  9.61738854e-03  2.13270553e-03  1.10071168e-02\n",
            "   5.15270018e-03  3.64697915e-03  9.26618763e-03 -1.89738940e-03\n",
            "   5.80242285e-02  1.60243053e-03  2.50329587e-03  4.96142495e-02\n",
            "   9.23066467e-03 -1.39580443e-03  7.63107537e-03  4.74035685e-03\n",
            "   9.27383606e-03  2.30132811e-03]\n",
            " [ 1.36492757e-03  4.11849701e-03  6.68298306e-03  5.78386184e-03\n",
            "   5.39835063e-03  2.49555073e-03  2.34771698e-03  1.85725446e-03\n",
            "   1.02407617e-03  2.56867883e-03  3.05456255e-03  1.30012770e-03\n",
            "   6.31543739e-03 -5.38873316e-04  3.20148183e-03  3.68530557e-03\n",
            "   4.26117709e-03  5.44475195e-03  1.55410760e-03  1.06905339e-03\n",
            "  -3.48823882e-03  1.59286834e-03  2.50939693e-03 -2.53174933e-03\n",
            "  -2.00658849e-06  2.17348742e-03  3.25849786e-03  2.86967425e-03\n",
            "   2.71033893e-03  4.09555656e-03]\n",
            " [ 3.94070293e-03  5.82446272e-03  5.78386184e-03  2.44817365e-02\n",
            "   1.25360858e-02  5.23308184e-03  2.60299493e-03  2.55409656e-03\n",
            "   3.55212091e-03  4.44553505e-03  4.52764060e-03  1.86265741e-03\n",
            "   1.26408407e-02 -1.64909067e-03  6.41154188e-03  5.94716214e-03\n",
            "   7.54031169e-03  8.93544883e-03  1.73470927e-03  4.13849142e-03\n",
            "  -1.97214302e-02  4.08263729e-03  4.82072761e-03 -1.18487119e-02\n",
            "  -2.31211726e-03  1.66093296e-03  4.80316710e-03  4.04198570e-03\n",
            "   5.79290513e-03  7.73233446e-03]\n",
            " [ 3.15873822e-03  3.94052925e-03  5.39835063e-03  1.25360858e-02\n",
            "   1.63748811e-02  4.57569529e-03  2.62359544e-03  2.36221772e-03\n",
            "   2.13448089e-03  3.09459672e-03  2.28040595e-03  1.28154337e-03\n",
            "   1.24163331e-02 -1.96545359e-03  4.98123222e-03  3.88208863e-03\n",
            "   7.27558291e-03  8.75892815e-03  8.78602768e-04  3.05026023e-03\n",
            "  -2.02838191e-02  3.33328896e-03  5.82635612e-03 -1.38695292e-02\n",
            "  -3.93544571e-03  1.46899915e-03  4.72823866e-03  3.38221558e-03\n",
            "   4.73769037e-03  7.53920935e-03]\n",
            " [ 7.40615039e-04  1.25234616e-03  2.49555073e-03  5.23308184e-03\n",
            "   4.57569529e-03  7.26775404e-03  2.19512431e-04  7.90896556e-04\n",
            "   1.72364826e-03  1.35984873e-03  2.08050744e-03  6.34917535e-04\n",
            "   5.18179799e-03  1.75622566e-04  2.10246741e-03  1.40146222e-03\n",
            "   2.17236832e-03  3.87876814e-03  1.29076027e-04  1.71513519e-03\n",
            "  -9.24716704e-03  1.24043100e-03  3.55251689e-03 -4.80986859e-03\n",
            "  -1.33847747e-03  1.39048985e-03  2.71195048e-03  8.54642983e-05\n",
            "   1.86291261e-03  3.98805314e-03]\n",
            " [-5.27508965e-04  9.50168712e-04  2.34771698e-03  2.60299493e-03\n",
            "   2.62359544e-03  2.19512431e-04  1.18440003e-02  8.79897715e-04\n",
            "   1.75188544e-03  9.65494233e-04  3.71042033e-04  1.72123120e-03\n",
            "   3.94364248e-03  2.37895427e-04  4.57889027e-04  7.27613417e-04\n",
            "   2.48748664e-03  2.40099991e-03 -5.51760556e-04  9.26201692e-04\n",
            "  -9.90104319e-03  1.19897434e-03  2.48606093e-03 -8.12516365e-03\n",
            "  -3.39823070e-04  3.96754443e-03  8.81594513e-05  5.62254026e-03\n",
            "   1.27488580e-03  3.11579741e-03]\n",
            " [ 1.61562766e-03  8.15476470e-03  1.85725446e-03  2.55409656e-03\n",
            "   2.36221772e-03  7.90896556e-04  8.79897715e-04  1.12470216e-02\n",
            "  -9.53566787e-04  5.36867980e-03  6.64145478e-03  1.69433238e-03\n",
            "   6.48224802e-03  4.53546793e-03  1.16959092e-03  4.55026759e-03\n",
            "   3.22239393e-03  2.32724474e-03  4.42414325e-03 -1.38951586e-03\n",
            "   2.41194818e-02  1.26236165e-03  1.42890464e-03  2.20828699e-02\n",
            "   4.85302402e-03  4.88938344e-05  4.16525811e-03  1.89858582e-03\n",
            "   3.46494172e-03  1.20267131e-03]\n",
            " [ 8.02947703e-04 -3.31986350e-03  1.02407617e-03  3.55212091e-03\n",
            "   2.13448089e-03  1.72364826e-03  1.75188544e-03 -9.53566787e-04\n",
            "   4.75761983e-03 -4.86210654e-04 -2.05245872e-03 -1.77132236e-04\n",
            "   1.08049390e-03 -3.09203195e-03  1.46943599e-03 -5.23999355e-04\n",
            "   1.30262473e-03  3.22051274e-03 -1.95564320e-03  3.10093023e-03\n",
            "  -2.41525990e-02  1.12181878e-03  1.96535181e-03 -1.91275230e-02\n",
            "  -3.84095599e-03  1.33580838e-03 -1.00011058e-03  4.10191932e-04\n",
            "  -5.10086196e-04  2.39075497e-03]\n",
            " [ 2.15076424e-03  6.68624174e-03  2.56867883e-03  4.44553505e-03\n",
            "   3.09459672e-03  1.35984873e-03  9.65494233e-04  5.36867980e-03\n",
            "  -4.86210654e-04  7.04194833e-03  6.17488218e-03  2.76851502e-03\n",
            "   5.93436340e-03  4.21056733e-03  1.93242344e-03  4.85574609e-03\n",
            "   3.52532326e-03  3.33009497e-03  3.18765767e-03 -1.12216704e-04\n",
            "   1.83028417e-02  9.09964714e-04  2.09865548e-03  1.68309844e-02\n",
            "   4.00886970e-03  8.10389556e-04  3.41940530e-03  2.10374723e-03\n",
            "   3.44006967e-03  2.08887082e-03]\n",
            " [ 2.73915805e-03  1.36782247e-02  3.05456255e-03  4.52764060e-03\n",
            "   2.28040595e-03  2.08050744e-03  3.71042033e-04  6.64145478e-03\n",
            "  -2.05245872e-03  6.17488218e-03  1.82303284e-02  3.87192549e-03\n",
            "   6.20937365e-03  1.12520113e-02  2.56983190e-03  9.08019760e-03\n",
            "   4.45603141e-03  3.29598811e-03  7.15893325e-03 -1.18593460e-03\n",
            "   4.77662902e-02  1.50079861e-03  2.84330926e-03  4.16974197e-02\n",
            "   7.70930197e-03 -4.12377299e-04  8.73481951e-03  3.95011314e-03\n",
            "   6.66605855e-03  1.35387555e-03]\n",
            " [ 9.12364505e-04  4.26933797e-03  1.30012770e-03  1.86265741e-03\n",
            "   1.28154337e-03  6.34917535e-04  1.72123120e-03  1.69433238e-03\n",
            "  -1.77132236e-04  2.76851502e-03  3.87192549e-03  5.32013979e-03\n",
            "   2.85624511e-03  3.47972786e-03  1.33254829e-03  3.50552857e-03\n",
            "   2.78635889e-03  1.41803920e-03  2.33567953e-03 -1.42616995e-04\n",
            "   1.39651756e-02  6.04396627e-04  1.78327435e-03  1.17974733e-02\n",
            "   2.44568628e-03  9.88715975e-04  2.58569195e-03  2.09558850e-03\n",
            "   2.48362014e-03  1.71526485e-03]\n",
            " [ 4.07837960e-03  7.94714461e-03  6.31543739e-03  1.26408407e-02\n",
            "   1.24163331e-02  5.18179799e-03  3.94364248e-03  6.48224802e-03\n",
            "   1.08049390e-03  5.93436340e-03  6.20937365e-03  2.85624511e-03\n",
            "   1.89344636e-02  5.18372071e-04  6.33913764e-03  6.52416305e-03\n",
            "   7.74104947e-03  1.02394754e-02  2.26822899e-03  1.92794064e-03\n",
            "  -1.21248350e-02  3.99288763e-03  6.06709929e-03 -5.53188794e-03\n",
            "  -1.01439828e-03  2.24096378e-03  6.48135722e-03  4.32967846e-03\n",
            "   4.58608866e-03  7.20440519e-03]\n",
            " [ 9.47857427e-04  9.61738854e-03 -5.38873316e-04 -1.64909067e-03\n",
            "  -1.96545359e-03  1.75622566e-04  2.37895427e-04  4.53546793e-03\n",
            "  -3.09203195e-03  4.21056733e-03  1.12520113e-02  3.47972786e-03\n",
            "   5.18372071e-04  1.95224364e-02 -3.05651099e-05  3.86628557e-03\n",
            "   9.23211166e-04 -1.72509080e-03  5.00789194e-03 -1.46406685e-03\n",
            "   5.31682730e-02 -7.28786308e-04 -9.07771039e-04  4.32218590e-02\n",
            "   9.19048064e-03 -5.56716576e-04  3.25427695e-03  3.50386530e-03\n",
            "   4.53640705e-03 -1.63371297e-03]\n",
            " [ 1.86927062e-03  2.13270553e-03  3.20148183e-03  6.41154188e-03\n",
            "   4.98123222e-03  2.10246741e-03  4.57889027e-04  1.16959092e-03\n",
            "   1.46943599e-03  1.93242344e-03  2.56983190e-03  1.33254829e-03\n",
            "   6.33913764e-03 -3.05651099e-05  7.32742840e-03  3.34474780e-03\n",
            "   3.34836937e-03  4.01996053e-03  2.88955842e-04  1.78436755e-03\n",
            "  -8.81782485e-03  1.97554663e-03  2.42641069e-03 -6.04512938e-03\n",
            "  -1.75038246e-03  9.17586407e-04  3.24018492e-03  1.03921768e-03\n",
            "   2.03841418e-03  3.40972332e-03]\n",
            " [ 3.73900996e-03  1.10071168e-02  3.68530557e-03  5.94716214e-03\n",
            "   3.88208863e-03  1.40146222e-03  7.27613417e-04  4.55026759e-03\n",
            "  -5.23999355e-04  4.85574609e-03  9.08019760e-03  3.50552857e-03\n",
            "   6.52416305e-03  3.86628557e-03  3.34474780e-03  1.12891776e-02\n",
            "   5.35007614e-03  4.87754878e-03  4.94780406e-03  5.46879255e-05\n",
            "   2.54674254e-02  1.85940975e-03  1.53559076e-03  2.27581463e-02\n",
            "   4.45640661e-03 -4.03490897e-04  5.23583313e-03  2.88506301e-03\n",
            "   5.49145427e-03  3.62769054e-03]\n",
            " [ 2.14461915e-03  5.15270018e-03  4.26117709e-03  7.54031169e-03\n",
            "   7.27558291e-03  2.17236832e-03  2.48748664e-03  3.22239393e-03\n",
            "   1.30262473e-03  3.52532326e-03  4.45603141e-03  2.78635889e-03\n",
            "   7.74104947e-03  9.23211166e-04  3.34836937e-03  5.35007614e-03\n",
            "   1.14282561e-02  5.35104158e-03  2.87706480e-03  1.58772689e-03\n",
            "   7.77639077e-04  2.52616660e-03  3.66417972e-03  2.77312937e-03\n",
            "   1.76184074e-04  1.66561026e-03  3.33165052e-03  2.96361157e-03\n",
            "   4.28373682e-03  4.31819079e-03]\n",
            " [ 3.01772947e-03  3.64697915e-03  5.44475195e-03  8.93544883e-03\n",
            "   8.75892815e-03  3.87876814e-03  2.40099991e-03  2.32724474e-03\n",
            "   3.22051274e-03  3.33009497e-03  3.29598811e-03  1.41803920e-03\n",
            "   1.02394754e-02 -1.72509080e-03  4.01996053e-03  4.87754878e-03\n",
            "   5.35104158e-03  1.13044073e-02  1.05209451e-03  3.36821130e-03\n",
            "  -1.71882703e-02  2.48967848e-03  4.71926445e-03 -1.17838974e-02\n",
            "  -2.29849998e-03  2.40054076e-03  4.13625520e-03  2.99764702e-03\n",
            "   3.96082875e-03  5.89613471e-03]\n",
            " [ 5.10870774e-04  9.26618763e-03  1.55410760e-03  1.73470927e-03\n",
            "   8.78602768e-04  1.29076027e-04 -5.51760556e-04  4.42414325e-03\n",
            "  -1.95564320e-03  3.18765767e-03  7.15893325e-03  2.33567953e-03\n",
            "   2.26822899e-03  5.00789194e-03  2.88955842e-04  4.94780406e-03\n",
            "   2.87706480e-03  1.05209451e-03  8.08095057e-03 -1.73913590e-03\n",
            "   3.84943129e-02  1.51284480e-03  2.34188183e-04  3.16840131e-02\n",
            "   6.27266460e-03 -9.06384755e-04  5.23663360e-03  2.30931467e-03\n",
            "   4.39675837e-03  1.72896245e-04]\n",
            " [ 8.50017421e-04 -1.89738940e-03  1.06905339e-03  4.13849142e-03\n",
            "   3.05026023e-03  1.71513519e-03  9.26201692e-04 -1.38951586e-03\n",
            "   3.10093023e-03 -1.12216704e-04 -1.18593460e-03 -1.42616995e-04\n",
            "   1.92794064e-03 -1.46406685e-03  1.78436755e-03  5.46879255e-05\n",
            "   1.58772689e-03  3.36821130e-03 -1.73913590e-03  4.69824927e-03\n",
            "  -2.22834113e-02  1.20555983e-03  1.63965420e-03 -1.68663287e-02\n",
            "  -3.06561168e-03  1.74349572e-03 -9.63223694e-04  7.15298600e-04\n",
            "   8.02221377e-04  2.13358645e-03]\n",
            " [ 2.81465856e-03  5.80242285e-02 -3.48823882e-03 -1.97214302e-02\n",
            "  -2.02838191e-02 -9.24716704e-03 -9.90104319e-03  2.41194818e-02\n",
            "  -2.41525990e-02  1.83028417e-02  4.77662902e-02  1.39651756e-02\n",
            "  -1.21248350e-02  5.31682730e-02 -8.81782485e-03  2.54674254e-02\n",
            "   7.77639077e-04 -1.71882703e-02  3.84943129e-02 -2.22834113e-02\n",
            "   3.72556539e-01 -7.63779892e-03 -1.16536778e-02  2.95025272e-01\n",
            "   5.77551930e-02 -1.64738847e-02  1.87257178e-02  3.55534915e-03\n",
            "   2.51195405e-02 -1.57144047e-02]\n",
            " [ 1.34855312e-03  1.60243053e-03  1.59286834e-03  4.08263729e-03\n",
            "   3.33328896e-03  1.24043100e-03  1.19897434e-03  1.26236165e-03\n",
            "   1.12181878e-03  9.09964714e-04  1.50079861e-03  6.04396627e-04\n",
            "   3.99288763e-03 -7.28786308e-04  1.97554663e-03  1.85940975e-03\n",
            "   2.52616660e-03  2.48967848e-03  1.51284480e-03  1.20555983e-03\n",
            "  -7.63779892e-03  3.46521110e-03  1.30512252e-03 -4.73197034e-03\n",
            "  -1.08883951e-03  6.38159089e-04  1.95783716e-03  9.75028101e-04\n",
            "   6.42434643e-04  2.28770050e-03]\n",
            " [ 2.02054404e-03  2.50329587e-03  2.50939693e-03  4.82072761e-03\n",
            "   5.82635612e-03  3.55251689e-03  2.48606093e-03  1.42890464e-03\n",
            "   1.96535181e-03  2.09865548e-03  2.84330926e-03  1.78327435e-03\n",
            "   6.06709929e-03 -9.07771039e-04  2.42641069e-03  1.53559076e-03\n",
            "   3.66417972e-03  4.71926445e-03  2.34188183e-04  1.63965420e-03\n",
            "  -1.16536778e-02  1.30512252e-03  1.00507171e-02 -6.52692502e-03\n",
            "  -9.17176961e-04  3.21464601e-03  2.79633738e-03  1.77100901e-03\n",
            "   2.37794344e-03  3.99697152e-03]\n",
            " [ 2.69380627e-03  4.96142495e-02 -2.53174933e-03 -1.18487119e-02\n",
            "  -1.38695292e-02 -4.80986859e-03 -8.12516365e-03  2.20828699e-02\n",
            "  -1.91275230e-02  1.68309844e-02  4.16974197e-02  1.17974733e-02\n",
            "  -5.53188794e-03  4.32218590e-02 -6.04512938e-03  2.27581463e-02\n",
            "   2.77312937e-03 -1.17838974e-02  3.16840131e-02 -1.68663287e-02\n",
            "   2.95025272e-01 -4.73197034e-03 -6.52692502e-03  2.46335567e-01\n",
            "   4.54108709e-02 -1.42277921e-02  1.66060495e-02  3.06625450e-03\n",
            "   2.22109872e-02 -1.13626675e-02]\n",
            " [ 2.19270932e-03  9.23066467e-03 -2.00658849e-06 -2.31211726e-03\n",
            "  -3.93544571e-03 -1.33847747e-03 -3.39823070e-04  4.85302402e-03\n",
            "  -3.84095599e-03  4.00886970e-03  7.70930197e-03  2.44568628e-03\n",
            "  -1.01439828e-03  9.19048064e-03 -1.75038246e-03  4.45640661e-03\n",
            "   1.76184074e-04 -2.29849998e-03  6.27266460e-03 -3.06561168e-03\n",
            "   5.77551930e-02 -1.08883951e-03 -9.17176961e-04  4.54108709e-02\n",
            "   1.75575984e-02 -1.18305308e-03  3.72326739e-03  7.09444495e-04\n",
            "   2.84944183e-03 -2.04115723e-03]\n",
            " [-6.29625971e-04 -1.39580443e-03  2.17348742e-03  1.66093296e-03\n",
            "   1.46899915e-03  1.39048985e-03  3.96754443e-03  4.88938344e-05\n",
            "   1.33580838e-03  8.10389556e-04 -4.12377299e-04  9.88715975e-04\n",
            "   2.24096378e-03 -5.56716576e-04  9.17586407e-04 -4.03490897e-04\n",
            "   1.66561026e-03  2.40054076e-03 -9.06384755e-04  1.74349572e-03\n",
            "  -1.64738847e-02  6.38159089e-04  3.21464601e-03 -1.42277921e-02\n",
            "  -1.18305308e-03  9.13551555e-03  1.10089975e-03  2.08008644e-03\n",
            "   8.13704389e-04  2.66813559e-03]\n",
            " [ 1.39136136e-03  7.63107537e-03  3.25849786e-03  4.80316710e-03\n",
            "   4.72823866e-03  2.71195048e-03  8.81594513e-05  4.16525811e-03\n",
            "  -1.00011058e-03  3.41940530e-03  8.73481951e-03  2.58569195e-03\n",
            "   6.48135722e-03  3.25427695e-03  3.24018492e-03  5.23583313e-03\n",
            "   3.33165052e-03  4.13625520e-03  5.23663360e-03 -9.63223694e-04\n",
            "   1.87257178e-02  1.95783716e-03  2.79633738e-03  1.66060495e-02\n",
            "   3.72326739e-03  1.10089975e-03  1.19849742e-02  3.77134261e-03\n",
            "   3.63988599e-03  2.89796551e-03]\n",
            " [ 2.99155887e-05  4.74035685e-03  2.86967425e-03  4.04198570e-03\n",
            "   3.38221558e-03  8.54642983e-05  5.62254026e-03  1.89858582e-03\n",
            "   4.10191932e-04  2.10374723e-03  3.95011314e-03  2.09558850e-03\n",
            "   4.32967846e-03  3.50386530e-03  1.03921768e-03  2.88506301e-03\n",
            "   2.96361157e-03  2.99764702e-03  2.30931467e-03  7.15298600e-04\n",
            "   3.55534915e-03  9.75028101e-04  1.77100901e-03  3.06625450e-03\n",
            "   7.09444495e-04  2.08008644e-03  3.77134261e-03  1.10960766e-02\n",
            "   2.52341168e-03  2.29010473e-03]\n",
            " [ 1.25622544e-03  9.27383606e-03  2.71033893e-03  5.79290513e-03\n",
            "   4.73769037e-03  1.86291261e-03  1.27488580e-03  3.46494172e-03\n",
            "  -5.10086196e-04  3.44006967e-03  6.66605855e-03  2.48362014e-03\n",
            "   4.58608866e-03  4.53640705e-03  2.03841418e-03  5.49145427e-03\n",
            "   4.28373682e-03  3.96082875e-03  4.39675837e-03  8.02221377e-04\n",
            "   2.51195405e-02  6.42434643e-04  2.37794344e-03  2.22109872e-02\n",
            "   2.84944183e-03  8.13704389e-04  3.63988599e-03  2.52341168e-03\n",
            "   1.34558208e-02  2.46330760e-03]\n",
            " [ 2.18833441e-03  2.30132811e-03  4.09555656e-03  7.73233446e-03\n",
            "   7.53920935e-03  3.98805314e-03  3.11579741e-03  1.20267131e-03\n",
            "   2.39075497e-03  2.08887082e-03  1.35387555e-03  1.71526485e-03\n",
            "   7.20440519e-03 -1.63371297e-03  3.40972332e-03  3.62769054e-03\n",
            "   4.31819079e-03  5.89613471e-03  1.72896245e-04  2.13358645e-03\n",
            "  -1.57144047e-02  2.28770050e-03  3.99697152e-03 -1.13626675e-02\n",
            "  -2.04115723e-03  2.66813559e-03  2.89796551e-03  2.29010473e-03\n",
            "   2.46330760e-03  8.17673164e-03]]\n"
          ]
        }
      ]
    },
    {
      "cell_type": "code",
      "source": [
        "df=pd.DataFrame(expR)\n",
        "df2=pd.DataFrame(expCov)\n",
        "df.to_csv()\n",
        "df2.to_csv()"
      ],
      "metadata": {
        "colab": {
          "base_uri": "https://localhost:8080/",
          "height": 143
        },
        "id": "ttcdVmtLnYz_",
        "outputId": "c8a362af-41c0-4559-b3ee-4333da703b52"
      },
      "execution_count": 9,
      "outputs": [
        {
          "output_type": "execute_result",
          "data": {
            "text/plain": [
